    T1 		 T2 		 F1_T 		 F1 		 MCC_T 		 MCC
   0.00		0.00		0.00		0.00		0.00		0.00
0.00		0.01		0.00		0.00		0.00		0.00
0.00		0.02		0.00		0.00		0.00		0.00
0.00		0.03		0.00		0.00		0.00		0.00
0.00		0.04		0.00		0.00		0.00		0.00
0.00		0.05		0.00		0.00		0.00		0.00
0.00		0.06		0.00		0.00		0.00		0.00
0.00		0.07		0.00		0.00		0.00		0.00
0.00		0.08		0.00		0.00		0.00		0.00
0.00		0.09		0.00		0.00		0.00		0.00
0.00		0.10		0.00		0.00		0.00		0.00
0.00		0.11		0.00		0.00		0.00		0.00
0.00		0.12		0.00		0.00		0.00		0.00
0.00		0.13		0.00		0.00		0.00		0.00
0.00		0.14		0.00		0.00		0.00		0.00
0.00		0.15		0.00		0.00		0.00		0.00
0.00		0.16		0.00		0.00		0.00		0.00
0.00		0.17		0.00		0.00		0.00		0.00
0.00		0.18		0.00		0.00		0.00		0.00
0.00		0.19		0.00		0.00		0.00		0.00
0.00		0.20		0.00		0.00		0.00		0.00
0.00		0.21		0.00		0.00		0.00		0.00
0.00		0.22		0.00		0.00		0.00		0.00
0.00		0.23		0.00		0.00		0.00		0.00
0.00		0.24		0.00		0.00		0.00		0.00
0.00		0.25		0.00		0.00		0.00		0.00
0.00		0.26		0.00		0.00		0.00		0.00
0.00		0.27		0.00		0.00		0.00		0.00
0.00		0.28		0.00		0.00		0.00		0.00
0.00		0.29		0.00		0.00		0.00		0.00
0.00		0.30		0.00		0.00		0.00		0.00
0.00		0.31		0.00		0.00		0.00		0.00
0.00		0.32		0.00		0.00		0.00		0.00
0.00		0.33		0.00		0.00		0.00		0.00
0.00		0.34		0.00		0.00		0.00		0.00
0.00		0.35		0.00		0.00		0.00		0.00
0.00		0.36		0.00		0.00		0.00		0.00
0.00		0.37		0.00		0.00		0.00		0.00
0.00		0.38		0.00		0.00		0.00		0.00
0.00		0.39		0.00		0.00		0.00		0.00
0.00		0.40		0.00		0.00		0.00		0.00
0.00		0.41		0.00		0.00		0.00		0.00
0.00		0.42		0.00		0.00		0.00		0.00
0.00		0.43		0.00		0.00		0.00		0.00
0.00		0.44		0.00		0.00		0.00		0.00
0.00		0.45		0.00		0.00		0.00		0.00
0.00		0.46		0.00		0.00		0.00		0.00
0.00		0.47		0.00		0.00		0.00		0.00
0.00		0.48		0.00		0.00		0.00		0.00
0.00		0.49		0.00		0.00		0.00		0.00
0.00		0.50		0.00		0.00		0.00		0.00
0.00		0.51		0.00		0.00		0.00		0.00
0.00		0.52		0.00		0.00		0.00		0.00
0.00		0.53		0.00		0.00		0.00		0.00
0.00		0.54		0.00		0.00		0.00		0.00
0.00		0.55		0.00		0.00		0.00		0.00
0.00		0.56		0.00		0.00		0.00		0.00
0.00		0.57		0.00		0.00		0.00		0.00
0.00		0.58		0.00		0.00		0.00		0.00
0.00		0.59		0.00		0.00		0.00		0.00
0.00		0.60		0.00		0.00		0.00		0.00
0.00		0.61		0.00		0.00		0.00		0.00
0.00		0.62		0.00		0.00		0.00		0.00
0.00		0.63		0.00		0.00		0.00		0.00
0.00		0.64		0.00		0.00		0.00		0.00
0.00		0.65		0.00		0.00		0.00		0.00
0.00		0.66		0.00		0.00		0.00		0.00
0.00		0.67		0.00		0.00		0.00		0.00
0.00		0.68		0.00		0.00		0.00		0.00
0.00		0.69		0.00		0.00		0.00		0.00
0.00		0.70		0.00		0.00		0.00		0.00
0.00		0.71		0.00		0.00		0.00		0.00
0.00		0.72		0.00		0.00		0.00		0.00
0.00		0.73		0.00		0.00		0.00		0.00
0.00		0.74		0.00		0.00		0.00		0.00
0.00		0.75		0.00		0.00		0.00		0.00
0.00		0.76		0.00		0.00		0.00		0.00
0.00		0.77		0.00		0.00		0.00		0.00
0.00		0.78		0.00		0.00		0.00		0.00
0.00		0.79		0.00		0.00		0.00		0.00
0.00		0.80		0.00		0.00		0.00		0.00
0.00		0.81		0.00		0.00		0.00		0.00
0.00		0.82		0.00		0.00		0.00		0.00
0.00		0.83		0.00		0.00		0.00		0.00
0.00		0.84		0.00		0.00		0.00		0.00
0.00		0.85		0.00		0.00		0.00		0.00
0.00		0.86		0.00		0.00		0.00		0.00
0.00		0.87		0.00		0.00		0.00		0.00
0.00		0.88		0.00		0.00		0.00		0.00
0.00		0.89		0.00		0.00		0.00		0.00
0.00		0.90		0.00		0.00		0.00		0.00
0.00		0.91		0.00		0.00		0.00		0.00
0.00		0.92		0.00		0.00		0.00		0.00
0.00		0.93		0.00		0.00		0.00		0.00
0.00		0.94		0.00		0.00		0.00		0.00
0.00		0.95		0.00		0.00		0.00		0.00
0.00		0.96		0.00		0.00		0.00		0.00
0.00		0.97		0.00		0.00		0.00		0.00
0.00		0.98		0.00		0.00		0.00		0.00
0.00		0.99		0.00		0.00		0.00		0.00
0.01		0.00		0.00		0.00		0.00		0.00
0.01		0.01		0.00		3.32		0.00		4.30
0.01		0.02		0.00		5.19		0.00		6.56
0.01		0.03		0.00		8.67		0.00		9.79
0.01		0.04		0.00		12.43		0.00		13.16
0.01		0.05		0.00		16.44		0.00		15.47
0.01		0.06		0.00		19.85		0.00		16.76
0.01		0.07		0.00		21.30		0.00		16.93
0.01		0.08		0.00		20.26		0.00		14.60
0.01		0.09		0.00		21.09		0.00		14.28
0.01		0.10		0.00		22.46		0.00		14.77
0.01		0.11		0.00		22.37		0.00		14.12
0.01		0.12		0.00		23.30		0.00		14.68
0.01		0.13		0.00		23.12		0.00		14.12
0.01		0.14		0.00		23.10		0.00		13.87
0.01		0.15		0.00		22.75		0.00		13.31
0.01		0.16		0.00		22.98		0.00		13.56
0.01		0.17		0.00		22.64		0.00		13.14
0.01		0.18		0.00		22.05		0.00		12.40
0.01		0.19		0.00		21.42		0.00		11.56
0.01		0.20		0.00		21.28		0.00		11.46
0.01		0.21		0.00		20.85		0.00		10.90
0.01		0.22		0.00		20.42		0.00		10.33
0.01		0.23		0.00		20.14		0.00		9.96
0.01		0.24		0.00		19.35		0.00		8.65
0.01		0.25		0.00		18.68		0.00		7.44
0.01		0.26		0.00		18.29		0.00		6.70
0.01		0.27		0.00		18.51		0.00		7.23
0.01		0.28		0.00		18.06		0.00		6.31
0.01		0.29		0.00		17.40		0.00		4.82
0.01		0.30		0.00		17.36		3.00		4.79
0.01		0.31		0.00		17.19		0.00		4.32
0.01		0.32		0.00		16.90		0.00		3.56
0.01		0.33		0.00		17.03		0.00		3.90
0.01		0.34		2.00		16.78		4.00		4.09
0.01		0.35		0.00		16.79		4.00		4.30
0.01		0.36		4.00		16.85		4.00		4.32
0.01		0.37		2.00		16.91		4.00		3.68
0.01		0.38		0.00		16.85		4.00		3.84
0.01		0.39		2.00		16.97		4.00		4.03
0.01		0.40		2.00		16.99		2.00		3.81
0.01		0.41		0.00		16.99		0.00		3.92
0.01		0.42		0.00		16.90		0.00		3.62
0.01		0.43		0.00		16.76		0.00		3.14
0.01		0.44		2.00		16.77		4.00		3.29
0.01		0.45		0.00		16.67		4.00		2.91
0.01		0.46		4.00		16.78		4.00		3.45
0.01		0.47		4.00		16.89		4.00		3.67
0.01		0.48		4.00		16.86		4.00		3.57
0.01		0.49		4.00		17.13		4.00		4.18
0.01		0.50		4.00		17.11		4.00		4.12
0.01		0.51		4.00		16.82		4.00		3.40
0.01		0.52		4.00		16.69		4.00		3.03
0.01		0.53		4.00		16.86		4.00		3.45
0.01		0.54		4.00		16.96		6.00		3.95
0.01		0.55		4.00		16.79		6.00		3.62
0.01		0.56		4.00		16.72		6.00		3.41
0.01		0.57		6.00		16.63		6.00		3.29
0.01		0.58		4.00		16.71		6.00		2.99
0.01		0.59		4.00		16.83		4.00		3.32
0.01		0.60		4.00		16.74		4.00		3.05
0.01		0.61		4.00		17.02		4.00		3.93
0.01		0.62		4.00		16.99		4.00		3.84
0.01		0.63		4.00		17.00		4.00		3.89
0.01		0.64		4.00		16.88		4.00		3.51
0.01		0.65		4.00		16.78		4.00		3.17
0.01		0.66		4.00		16.80		4.00		3.26
0.01		0.67		4.00		16.67		31.00		5.71
0.01		0.68		4.00		16.61		31.00		5.71
0.01		0.69		4.00		16.78		31.00		5.71
0.01		0.70		4.00		16.64		34.00		5.71
0.01		0.71		4.00		16.56		35.00		5.71
0.01		0.72		4.00		16.45		35.00		5.71
0.01		0.73		4.00		16.33		35.00		5.71
0.01		0.74		4.00		16.38		35.00		5.71
0.01		0.75		8.00		16.55		35.00		5.71
0.01		0.76		8.00		16.60		35.00		5.71
0.01		0.77		8.00		16.60		35.00		5.71
0.01		0.78		10.00		16.50		35.00		5.71
0.01		0.79		10.00		16.41		13.00		3.84
0.01		0.80		10.00		16.32		13.00		3.67
0.01		0.81		10.00		16.41		13.00		3.93
0.01		0.82		8.00		16.32		13.00		4.16
0.01		0.83		8.00		16.40		13.00		4.64
0.01		0.84		8.00		16.42		13.00		4.35
0.01		0.85		13.00		16.76		13.00		5.04
0.01		0.86		13.00		16.80		13.00		5.04
0.01		0.87		13.00		16.70		13.00		4.83
0.01		0.88		13.00		16.74		13.00		4.86
0.01		0.89		13.00		16.89		13.00		5.03
0.01		0.90		13.00		16.78		13.00		4.82
0.01		0.91		13.00		16.52		13.00		4.40
0.01		0.92		13.00		16.42		13.00		4.18
0.01		0.93		14.00		16.24		14.00		4.39
0.01		0.94		13.00		16.24		14.00		4.16
0.01		0.95		14.00		16.56		14.00		4.72
0.01		0.96		14.00		16.56		14.00		4.68
0.01		0.97		14.00		16.50		14.00		4.55
0.01		0.98		14.00		16.40		14.00		4.38
0.01		0.99		14.00		16.40		14.00		4.35
0.02		0.00		0.00		0.00		0.00		0.00
0.02		0.01		0.00		7.41		0.00		7.70
0.02		0.02		0.00		11.83		0.00		12.33
0.02		0.03		0.00		14.92		0.00		13.82
0.02		0.04		0.00		19.60		0.00		16.77
0.02		0.05		0.00		24.00		0.00		19.22
0.02		0.06		0.00		25.45		0.00		19.24
0.02		0.07		0.00		27.14		0.00		20.06
0.02		0.08		0.00		25.97		0.00		18.14
0.02		0.09		0.00		25.18		0.00		16.75
0.02		0.10		0.00		24.74		0.00		15.92
0.02		0.11		0.00		24.28		0.00		15.25
0.02		0.12		0.00		24.62		0.00		15.71
0.02		0.13		0.00		23.63		0.00		14.51
0.02		0.14		0.00		23.70		0.00		14.81
0.02		0.15		0.00		23.78		0.00		15.28
0.02		0.16		2.00		23.90		0.00		14.86
0.02		0.17		2.00		22.88		2.00		13.58
0.02		0.18		2.00		21.96		0.00		12.53
0.02		0.19		2.00		21.88		2.00		12.47
0.02		0.20		2.00		20.78		2.00		10.89
0.02		0.21		3.00		21.29		2.00		11.69
0.02		0.22		2.00		20.95		2.00		11.78
0.02		0.23		2.00		20.19		2.00		10.56
0.02		0.24		3.00		20.00		2.00		9.94
0.02		0.25		5.00		19.82		5.00		9.37
0.02		0.26		5.00		19.00		2.00		8.38
0.02		0.27		5.00		19.24		5.00		8.35
0.02		0.28		5.00		18.51		5.00		7.17
0.02		0.29		5.00		18.25		5.00		6.66
0.02		0.30		5.00		18.11		6.00		6.57
0.02		0.31		6.00		18.47		6.00		7.11
0.02		0.32		6.00		17.96		6.00		6.24
0.02		0.33		6.00		17.93		7.00		6.19
0.02		0.34		7.00		17.97		7.00		6.33
0.02		0.35		6.00		18.00		7.00		6.25
0.02		0.36		6.00		17.51		7.00		5.22
0.02		0.37		6.00		17.18		6.00		4.46
0.02		0.38		6.00		16.92		7.00		3.89
0.02		0.39		6.00		17.12		6.00		4.24
0.02		0.40		6.00		17.33		6.00		4.66
0.02		0.41		6.00		16.91		6.00		3.68
0.02		0.42		7.00		16.54		7.00		3.00
0.02		0.43		7.00		16.42		7.00		2.68
0.02		0.44		6.00		16.51		13.00		2.97
0.02		0.45		6.00		16.37		13.00		3.01
0.02		0.46		6.00		16.24		10.00		2.86
0.02		0.47		7.00		16.19		14.00		2.28
0.02		0.48		7.00		16.45		9.00		2.39
0.02		0.49		9.00		16.92		9.00		3.80
0.02		0.50		9.00		17.19		9.00		4.35
0.02		0.51		9.00		16.89		9.00		3.65
0.02		0.52		9.00		16.46		13.00		2.82
0.02		0.53		9.00		16.45		11.00		3.06
0.02		0.54		11.00		16.43		11.00		2.98
0.02		0.55		11.00		16.59		11.00		3.24
0.02		0.56		11.00		16.48		11.00		2.94
0.02		0.57		11.00		16.56		13.00		3.32
0.02		0.58		11.00		16.27		13.00		2.89
0.02		0.59		12.00		16.62		12.00		3.36
0.02		0.60		13.00		16.54		13.00		3.44
0.02		0.61		13.00		16.32		13.00		2.98
0.02		0.62		13.00		16.60		13.00		3.42
0.02		0.63		13.00		16.48		13.00		3.14
0.02		0.64		4.00		16.38		13.00		2.55
0.02		0.65		4.00		16.41		13.00		1.96
0.02		0.66		4.00		16.40		15.00		2.37
0.02		0.67		4.00		16.42		15.00		2.15
0.02		0.68		4.00		16.44		15.00		1.89
0.02		0.69		4.00		16.38		15.00		2.07
0.02		0.70		4.00		16.46		15.00		2.24
0.02		0.71		4.00		16.41		19.00		2.07
0.02		0.72		4.00		16.42		19.00		1.91
0.02		0.73		4.00		16.38		19.00		2.20
0.02		0.74		4.00		16.33		17.00		2.30
0.02		0.75		17.00		16.33		17.00		3.28
0.02		0.76		17.00		16.69		17.00		3.84
0.02		0.77		17.00		16.61		17.00		3.68
0.02		0.78		17.00		16.47		17.00		3.37
0.02		0.79		17.00		16.49		17.00		3.38
0.02		0.80		17.00		16.34		17.00		3.05
0.02		0.81		18.00		16.31		18.00		3.28
0.02		0.82		17.00		16.46		18.00		3.37
0.02		0.83		17.00		16.34		18.00		3.14
0.02		0.84		18.00		16.45		18.00		3.39
0.02		0.85		18.00		16.39		18.00		3.25
0.02		0.86		17.00		16.57		18.00		3.52
0.02		0.87		18.00		16.82		18.00		3.95
0.02		0.88		18.00		16.70		18.00		3.71
0.02		0.89		18.00		16.60		18.00		3.49
0.02		0.90		17.00		16.47		18.00		3.18
0.02		0.91		18.00		16.32		18.00		2.91
0.02		0.92		7.00		16.33		18.00		2.51
0.02		0.93		7.00		16.33		18.00		2.27
0.02		0.94		7.00		16.30		20.00		2.12
0.02		0.95		7.00		16.38		20.00		2.40
0.02		0.96		7.00		16.35		20.00		2.29
0.02		0.97		7.00		16.32		20.00		1.92
0.02		0.98		7.00		16.37		20.00		2.13
0.02		0.99		7.00		16.35		20.00		2.01
0.03		0.00		0.00		0.00		0.00		0.00
0.03		0.01		0.00		8.90		0.00		8.32
0.03		0.02		0.00		14.08		0.00		13.43
0.03		0.03		0.00		19.49		0.00		17.16
0.03		0.04		0.00		22.17		0.00		17.87
0.03		0.05		0.00		25.81		0.00		19.80
0.03		0.06		0.00		27.46		0.00		20.31
0.03		0.07		0.00		29.06		0.00		21.37
0.03		0.08		0.00		28.22		0.00		20.12
0.03		0.09		0.00		27.20		3.00		19.33
0.03		0.10		0.00		26.13		0.00		17.64
0.03		0.11		0.00		25.82		0.00		17.50
0.03		0.12		0.00		25.80		0.00		17.91
0.03		0.13		2.00		24.71		0.00		16.30
0.03		0.14		2.00		23.76		0.00		15.71
0.03		0.15		2.00		24.34		2.00		15.77
0.03		0.16		3.00		23.43		0.00		15.05
0.03		0.17		4.00		24.38		5.00		16.11
0.03		0.18		4.00		22.46		5.00		13.79
0.03		0.19		4.00		22.18		2.00		13.16
0.03		0.20		4.00		21.38		2.00		11.53
0.03		0.21		5.00		21.91		5.00		12.22
0.03		0.22		5.00		21.51		5.00		11.60
0.03		0.23		5.00		21.28		5.00		11.29
0.03		0.24		5.00		20.91		5.00		10.82
0.03		0.25		5.00		20.22		8.00		10.49
0.03		0.26		5.00		19.71		5.00		9.10
0.03		0.27		5.00		19.90		5.00		9.57
0.03		0.28		7.00		19.50		7.00		8.68
0.03		0.29		7.00		19.14		7.00		8.09
0.03		0.30		7.00		19.09		7.00		8.00
0.03		0.31		7.00		19.00		7.00		7.89
0.03		0.32		7.00		18.48		7.00		6.98
0.03		0.33		9.00		18.39		9.00		6.95
0.03		0.34		7.00		17.89		7.00		5.88
0.03		0.35		7.00		17.28		13.00		5.04
0.03		0.36		9.00		17.07		13.00		4.63
0.03		0.37		9.00		17.18		9.00		4.52
0.03		0.38		9.00		16.80		13.00		4.97
0.03		0.39		9.00		16.80		13.00		3.90
0.03		0.40		9.00		16.82		13.00		3.79
0.03		0.41		4.00		16.36		13.00		2.78
0.03		0.42		10.00		16.30		10.00		2.64
0.03		0.43		11.00		16.66		11.00		3.44
0.03		0.44		11.00		16.38		11.00		2.77
0.03		0.45		12.00		16.57		12.00		3.39
0.03		0.46		12.00		16.68		12.00		3.51
0.03		0.47		12.00		16.45		17.00		3.08
0.03		0.48		11.00		16.42		17.00		2.85
0.03		0.49		11.00		16.52		12.00		2.91
0.03		0.50		12.00		16.54		20.00		2.96
0.03		0.51		12.00		16.76		12.00		3.34
0.03		0.52		12.00		16.61		12.00		2.94
0.03		0.53		12.00		16.46		12.00		2.50
0.03		0.54		11.00		16.42		13.00		2.34
0.03		0.55		13.00		16.41		15.00		2.71
0.03		0.56		15.00		16.36		15.00		2.76
0.03		0.57		15.00		16.27		17.00		2.71
0.03		0.58		13.00		16.16		17.00		2.47
0.03		0.59		15.00		16.28		15.00		2.37
0.03		0.60		15.00		16.12		15.00		1.94
0.03		0.61		4.00		16.16		15.00		1.73
0.03		0.62		4.00		16.19		42.00		1.72
0.03		0.63		3.00		16.24		42.00		1.26
0.03		0.64		4.00		16.28		42.00		0.99
0.03		0.65		3.00		16.33		3.00		1.07
0.03		0.66		3.00		16.31		3.00		0.85
0.03		0.67		3.00		16.31		20.00		1.22
0.03		0.68		3.00		16.30		23.00		1.50
0.03		0.69		3.00		16.29		20.00		1.29
0.03		0.70		3.00		16.28		25.00		1.36
0.03		0.71		3.00		16.27		25.00		1.57
0.03		0.72		4.00		16.26		25.00		1.66
0.03		0.73		3.00		16.26		20.00		1.57
0.03		0.74		3.00		16.25		25.00		1.73
0.03		0.75		0.00		16.29		23.00		1.63
0.03		0.76		0.00		16.28		20.00		1.47
0.03		0.77		2.00		16.27		25.00		1.99
0.03		0.78		2.00		16.27		25.00		1.68
0.03		0.79		2.00		16.26		24.00		1.85
0.03		0.80		2.00		16.26		24.00		2.06
0.03		0.81		2.00		16.26		24.00		2.06
0.03		0.82		0.00		16.25		24.00		1.69
0.03		0.83		0.00		16.25		20.00		1.61
0.03		0.84		0.00		16.25		24.00		1.56
0.03		0.85		0.00		16.24		20.00		1.48
0.03		0.86		0.00		16.24		20.00		1.40
0.03		0.87		0.00		16.24		20.00		1.03
0.03		0.88		0.00		16.23		25.00		0.58
0.03		0.89		0.00		16.23		22.00		0.69
0.03		0.90		0.00		16.22		31.00		0.50
0.03		0.91		0.00		16.22		23.00		0.56
0.03		0.92		0.00		16.22		25.00		0.62
0.03		0.93		0.00		16.22		25.00		0.81
0.03		0.94		0.00		16.22		24.00		0.34
0.03		0.95		0.00		16.22		28.00		0.46
0.03		0.96		0.00		16.22		28.00		0.36
0.03		0.97		0.00		16.22		28.00		0.13
0.03		0.98		0.00		16.22		31.00		0.21
0.03		0.99		0.00		16.22		32.00		0.48
0.04		0.00		0.00		0.00		0.00		0.00
0.04		0.01		0.00		10.20		0.00		8.55
0.04		0.02		0.00		17.07		0.00		15.38
0.04		0.03		0.00		22.91		0.00		19.38
0.04		0.04		0.00		25.53		0.00		20.22
0.04		0.05		0.00		28.36		2.00		21.57
0.04		0.06		0.00		29.20		0.00		21.59
0.04		0.07		0.00		30.41		0.00		22.66
0.04		0.08		0.00		28.64		4.00		21.03
0.04		0.09		0.00		27.46		4.00		21.34
0.04		0.10		0.00		26.39		4.00		19.32
0.04		0.11		3.00		26.19		4.00		19.72
0.04		0.12		3.00		26.26		4.00		18.87
0.04		0.13		3.00		26.75		3.00		18.29
0.04		0.14		3.00		24.81		3.00		15.92
0.04		0.15		4.00		26.10		4.00		17.66
0.04		0.16		4.00		25.99		4.00		17.37
0.04		0.17		4.00		26.27		4.00		17.85
0.04		0.18		5.00		24.55		4.00		15.69
0.04		0.19		4.00		23.92		4.00		15.33
0.04		0.20		4.00		22.83		4.00		14.08
0.04		0.21		5.00		22.22		4.00		12.75
0.04		0.22		8.00		21.42		4.00		12.47
0.04		0.23		5.00		21.08		4.00		12.22
0.04		0.24		5.00		20.88		5.00		11.45
0.04		0.25		5.00		19.97		4.00		10.15
0.04		0.26		5.00		19.17		10.00		9.44
0.04		0.27		10.00		19.35		10.00		9.28
0.04		0.28		10.00		19.67		10.00		9.40
0.04		0.29		10.00		19.15		13.00		8.67
0.04		0.30		9.00		19.17		9.00		8.15
0.04		0.31		9.00		18.71		9.00		7.38
0.04		0.32		9.00		18.25		9.00		6.55
0.04		0.33		9.00		18.01		9.00		6.10
0.04		0.34		9.00		17.31		13.00		5.27
0.04		0.35		9.00		17.47		17.00		5.00
0.04		0.36		9.00		17.52		9.00		5.11
0.04		0.37		12.00		17.21		12.00		4.78
0.04		0.38		12.00		17.02		17.00		4.46
0.04		0.39		12.00		16.88		16.00		4.49
0.04		0.40		13.00		16.65		17.00		4.68
0.04		0.41		16.00		16.74		16.00		4.71
0.04		0.42		3.00		16.36		16.00		3.79
0.04		0.43		13.00		16.35		18.00		3.47
0.04		0.44		5.00		16.26		17.00		3.16
0.04		0.45		16.00		16.67		17.00		3.94
0.04		0.46		17.00		17.05		17.00		4.66
0.04		0.47		17.00		16.58		17.00		3.72
0.04		0.48		17.00		16.35		20.00		3.61
0.04		0.49		2.00		16.28		20.00		3.30
0.04		0.50		2.00		16.27		20.00		3.77
0.04		0.51		2.00		16.24		20.00		3.69
0.04		0.52		2.00		16.24		20.00		3.10
0.04		0.53		2.00		16.24		20.00		2.10
0.04		0.54		2.00		16.23		20.00		2.28
0.04		0.55		2.00		16.22		20.00		2.93
0.04		0.56		18.00		16.39		20.00		2.77
0.04		0.57		20.00		16.31		20.00		3.01
0.04		0.58		20.00		16.25		20.00		2.80
0.04		0.59		3.00		16.20		20.00		2.31
0.04		0.60		3.00		16.19		20.00		2.39
0.04		0.61		3.00		16.24		20.00		1.82
0.04		0.62		3.00		16.24		20.00		1.86
0.04		0.63		18.00		16.28		18.00		1.93
0.04		0.64		2.00		16.28		28.00		1.43
0.04		0.65		0.00		16.32		25.00		1.19
0.04		0.66		0.00		16.32		26.00		1.22
0.04		0.67		0.00		16.32		21.00		1.11
0.04		0.68		0.00		16.32		25.00		1.09
0.04		0.69		0.00		16.31		29.00		1.50
0.04		0.70		0.00		16.31		21.00		1.45
0.04		0.71		0.00		16.29		29.00		1.40
0.04		0.72		0.00		16.28		29.00		1.88
0.04		0.73		0.00		16.28		29.00		2.17
0.04		0.74		0.00		16.28		29.00		2.32
0.04		0.75		0.00		16.28		29.00		1.88
0.04		0.76		0.00		16.28		29.00		1.66
0.04		0.77		0.00		16.27		29.00		2.85
0.04		0.78		0.00		16.27		29.00		3.17
0.04		0.79		0.00		16.27		29.00		3.25
0.04		0.80		0.00		16.27		29.00		2.97
0.04		0.81		29.00		16.27		29.00		3.33
0.04		0.82		0.00		16.26		29.00		3.20
0.04		0.83		0.00		16.26		29.00		2.97
0.04		0.84		24.00		16.28		29.00		2.48
0.04		0.85		0.00		16.25		29.00		2.25
0.04		0.86		0.00		16.25		29.00		2.36
0.04		0.87		0.00		16.25		29.00		2.10
0.04		0.88		0.00		16.25		29.00		1.70
0.04		0.89		0.00		16.25		29.00		1.97
0.04		0.90		0.00		16.24		29.00		2.04
0.04		0.91		0.00		16.24		29.00		1.58
0.04		0.92		0.00		16.24		29.00		1.69
0.04		0.93		0.00		16.24		29.00		1.54
0.04		0.94		0.00		16.24		29.00		1.75
0.04		0.95		0.00		16.24		29.00		1.92
0.04		0.96		0.00		16.24		29.00		1.95
0.04		0.97		0.00		16.24		29.00		1.98
0.04		0.98		0.00		16.24		29.00		2.01
0.04		0.99		0.00		16.24		29.00		1.84
0.05		0.00		0.00		0.00		0.00		0.00
0.05		0.01		0.00		11.05		0.00		8.92
0.05		0.02		0.00		17.95		0.00		15.34
0.05		0.03		0.00		23.39		0.00		19.11
0.05		0.04		0.00		26.42		0.00		20.57
0.05		0.05		0.00		29.26		2.00		23.82
0.05		0.06		0.00		29.49		0.00		21.69
0.05		0.07		0.00		29.97		2.00		22.48
0.05		0.08		2.00		28.80		4.00		21.79
0.05		0.09		2.00		27.11		4.00		21.42
0.05		0.10		3.00		27.72		5.00		20.68
0.05		0.11		3.00		26.44		5.00		20.38
0.05		0.12		4.00		26.71		5.00		19.73
0.05		0.13		4.00		26.33		5.00		19.44
0.05		0.14		4.00		25.47		5.00		17.21
0.05		0.15		5.00		26.83		5.00		18.81
0.05		0.16		5.00		26.18		5.00		17.66
0.05		0.17		5.00		26.21		5.00		17.68
0.05		0.18		5.00		25.29		5.00		16.74
0.05		0.19		5.00		24.05		4.00		16.10
0.05		0.20		6.00		22.74		4.00		14.05
0.05		0.21		6.00		22.58		5.00		13.44
0.05		0.22		9.00		22.05		10.00		13.84
0.05		0.23		10.00		21.53		10.00		12.66
0.05		0.24		8.00		20.79		11.00		11.37
0.05		0.25		11.00		20.40		11.00		10.70
0.05		0.26		9.00		19.95		9.00		9.36
0.05		0.27		10.00		19.69		13.00		9.17
0.05		0.28		13.00		19.26		13.00		9.40
0.05		0.29		12.00		19.78		13.00		9.55
0.05		0.30		12.00		18.88		13.00		7.93
0.05		0.31		13.00		18.16		13.00		7.00
0.05		0.32		13.00		17.85		13.00		6.34
0.05		0.33		13.00		17.55		15.00		6.16
0.05		0.34		12.00		17.28		15.00		5.11
0.05		0.35		12.00		17.22		14.00		4.93
0.05		0.36		12.00		17.27		12.00		4.60
0.05		0.37		12.00		17.52		12.00		5.10
0.05		0.38		12.00		17.22		12.00		4.41
0.05		0.39		13.00		17.06		17.00		4.21
0.05		0.40		13.00		16.85		17.00		4.15
0.05		0.41		15.00		16.59		17.00		3.83
0.05		0.42		17.00		16.69		17.00		3.82
0.05		0.43		18.00		17.03		18.00		4.59
0.05		0.44		18.00		16.56		18.00		3.62
0.05		0.45		18.00		16.67		18.00		3.68
0.05		0.46		5.00		16.33		21.00		3.54
0.05		0.47		5.00		16.39		21.00		3.17
0.05		0.48		5.00		16.31		21.00		3.05
0.05		0.49		5.00		16.28		23.00		2.68
0.05		0.50		3.00		16.26		24.00		3.21
0.05		0.51		5.00		16.28		23.00		2.01
0.05		0.52		2.00		16.27		27.00		2.52
0.05		0.53		2.00		16.27		25.00		2.53
0.05		0.54		2.00		16.26		27.00		3.03
0.05		0.55		18.00		16.34		28.00		3.56
0.05		0.56		18.00		16.34		28.00		3.13
0.05		0.57		2.00		16.25		28.00		2.71
0.05		0.58		2.00		16.24		25.00		2.95
0.05		0.59		2.00		16.24		29.00		2.98
0.05		0.60		0.00		16.23		28.00		3.12
0.05		0.61		0.00		16.23		28.00		2.72
0.05		0.62		0.00		16.23		28.00		2.50
0.05		0.63		0.00		16.23		28.00		2.25
0.05		0.64		0.00		16.28		24.00		2.29
0.05		0.65		0.00		16.28		31.00		2.19
0.05		0.66		0.00		16.28		26.00		2.17
0.05		0.67		0.00		16.28		26.00		2.41
0.05		0.68		0.00		16.28		29.00		2.66
0.05		0.69		29.00		16.35		29.00		3.28
0.05		0.70		0.00		16.27		31.00		2.76
0.05		0.71		0.00		16.26		31.00		3.17
0.05		0.72		31.00		16.44		31.00		3.71
0.05		0.73		31.00		16.38		31.00		3.56
0.05		0.74		0.00		16.26		31.00		3.16
0.05		0.75		0.00		16.26		31.00		2.93
0.05		0.76		0.00		16.25		31.00		2.29
0.05		0.77		0.00		16.25		28.00		2.26
0.05		0.78		0.00		16.25		33.00		2.63
0.05		0.79		27.00		16.28		33.00		2.74
0.05		0.80		0.00		16.25		33.00		2.63
0.05		0.81		0.00		16.25		34.00		3.04
0.05		0.82		26.00		16.25		34.00		3.10
0.05		0.83		0.00		16.25		34.00		2.61
0.05		0.84		0.00		16.25		34.00		2.00
0.05		0.85		0.00		16.24		34.00		2.21
0.05		0.86		25.00		16.25		34.00		2.20
0.05		0.87		0.00		16.24		34.00		2.20
0.05		0.88		0.00		16.24		36.00		1.86
0.05		0.89		0.00		16.24		34.00		1.84
0.05		0.90		0.00		16.24		36.00		1.65
0.05		0.91		0.00		16.24		36.00		1.65
0.05		0.92		0.00		16.24		34.00		1.61
0.05		0.93		0.00		16.24		34.00		1.37
0.05		0.94		0.00		16.24		34.00		1.48
0.05		0.95		0.00		16.24		36.00		1.54
0.05		0.96		0.00		16.24		36.00		1.71
0.05		0.97		0.00		16.24		34.00		1.35
0.05		0.98		0.00		16.24		34.00		1.34
0.05		0.99		0.00		16.24		36.00		1.83
0.06		0.00		0.00		0.00		0.00		0.00
0.06		0.01		0.00		11.89		0.00		9.39
0.06		0.02		0.00		18.95		0.00		15.83
0.06		0.03		0.00		25.22		0.00		20.50
0.06		0.04		0.00		28.08		0.00		21.75
0.06		0.05		0.00		29.31		2.00		24.31
0.06		0.06		0.00		29.58		2.00		22.56
0.06		0.07		2.00		30.54		2.00		23.39
0.06		0.08		2.00		29.44		4.00		23.83
0.06		0.09		3.00		27.19		5.00		23.89
0.06		0.10		3.00		27.93		5.00		22.50
0.06		0.11		4.00		26.67		5.00		21.61
0.06		0.12		4.00		28.16		5.00		20.81
0.06		0.13		4.00		27.36		5.00		19.28
0.06		0.14		4.00		26.02		4.00		17.40
0.06		0.15		5.00		26.82		5.00		18.42
0.06		0.16		5.00		25.79		5.00		17.16
0.06		0.17		6.00		25.77		8.00		17.27
0.06		0.18		6.00		24.61		5.00		15.85
0.06		0.19		5.00		24.13		5.00		16.12
0.06		0.20		8.00		23.70		10.00		15.38
0.06		0.21		10.00		24.14		10.00		15.91
0.06		0.22		10.00		24.76		10.00		16.10
0.06		0.23		10.00		23.94		10.00		14.87
0.06		0.24		10.00		23.33		10.00		14.02
0.06		0.25		10.00		21.73		10.00		11.90
0.06		0.26		12.00		20.43		12.00		10.39
0.06		0.27		12.00		20.32		15.00		10.72
0.06		0.28		12.00		20.58		14.00		10.59
0.06		0.29		13.00		21.10		13.00		11.02
0.06		0.30		13.00		20.34		15.00		10.05
0.06		0.31		15.00		19.80		15.00		9.33
0.06		0.32		15.00		19.63		15.00		8.94
0.06		0.33		15.00		19.69		15.00		8.97
0.06		0.34		15.00		19.39		15.00		8.49
0.06		0.35		17.00		18.59		17.00		7.41
0.06		0.36		17.00		18.03		17.00		6.41
0.06		0.37		17.00		18.31		17.00		6.76
0.06		0.38		17.00		18.35		17.00		6.77
0.06		0.39		17.00		17.99		17.00		6.09
0.06		0.40		19.00		17.93		19.00		6.14
0.06		0.41		19.00		17.26		19.00		4.89
0.06		0.42		20.00		17.03		20.00		4.76
0.06		0.43		20.00		17.02		20.00		4.59
0.06		0.44		9.00		16.49		20.00		3.39
0.06		0.45		9.00		16.45		23.00		3.22
0.06		0.46		5.00		16.36		27.00		3.20
0.06		0.47		13.00		16.40		24.00		3.14
0.06		0.48		0.00		16.31		23.00		2.95
0.06		0.49		0.00		16.30		27.00		3.60
0.06		0.50		12.00		16.30		28.00		3.37
0.06		0.51		12.00		16.31		28.00		2.39
0.06		0.52		0.00		16.26		27.00		3.37
0.06		0.53		15.00		16.27		26.00		3.24
0.06		0.54		15.00		16.29		26.00		2.91
0.06		0.55		23.00		16.32		27.00		3.01
0.06		0.56		24.00		16.47		27.00		3.16
0.06		0.57		27.00		16.52		31.00		3.78
0.06		0.58		25.00		16.77		31.00		4.30
0.06		0.59		29.00		16.84		30.00		4.31
0.06		0.60		29.00		16.99		29.00		4.45
0.06		0.61		29.00		16.85		30.00		4.22
0.06		0.62		29.00		16.78		29.00		3.95
0.06		0.63		30.00		16.73		30.00		3.99
0.06		0.64		30.00		16.81		30.00		4.03
0.06		0.65		31.00		16.74		33.00		4.05
0.06		0.66		29.00		16.65		33.00		3.84
0.06		0.67		29.00		16.56		29.00		3.21
0.06		0.68		33.00		16.46		34.00		3.85
0.06		0.69		34.00		16.81		34.00		4.38
0.06		0.70		34.00		17.17		34.00		4.88
0.06		0.71		34.00		17.29		34.00		5.03
0.06		0.72		34.00		17.45		34.00		5.25
0.06		0.73		34.00		17.34		34.00		5.03
0.06		0.74		34.00		17.08		34.00		4.53
0.06		0.75		34.00		17.02		34.00		4.38
0.06		0.76		34.00		16.93		34.00		4.18
0.06		0.77		34.00		16.75		34.00		3.81
0.06		0.78		34.00		16.61		34.00		3.49
0.06		0.79		34.00		16.61		37.00		3.51
0.06		0.80		34.00		16.56		36.00		3.57
0.06		0.81		34.00		16.29		36.00		3.12
0.06		0.82		34.00		16.31		36.00		2.93
0.06		0.83		0.00		16.23		36.00		2.77
0.06		0.84		36.00		16.28		36.00		3.00
0.06		0.85		36.00		16.43		36.00		3.23
0.06		0.86		36.00		16.48		36.00		3.30
0.06		0.87		36.00		16.60		36.00		3.47
0.06		0.88		36.00		16.64		36.00		3.52
0.06		0.89		36.00		16.56		36.00		3.34
0.06		0.90		36.00		16.48		36.00		3.16
0.06		0.91		35.00		16.51		36.00		3.03
0.06		0.92		35.00		16.40		35.00		2.75
0.06		0.93		22.00		16.30		36.00		2.48
0.06		0.94		25.00		16.25		37.00		2.57
0.06		0.95		37.00		16.25		37.00		2.65
0.06		0.96		1.00		16.23		39.00		2.97
0.06		0.97		39.00		16.24		39.00		3.02
0.06		0.98		39.00		16.39		39.00		3.25
0.06		0.99		39.00		16.66		39.00		3.70
0.07		0.00		0.00		0.00		0.00		0.00
0.07		0.01		0.00		13.23		0.00		10.48
0.07		0.02		0.00		19.61		0.00		16.19
0.07		0.03		0.00		25.54		0.00		20.49
0.07		0.04		0.00		28.52		2.00		22.78
0.07		0.05		2.00		29.21		2.00		25.22
0.07		0.06		2.00		29.68		3.00		23.72
0.07		0.07		2.00		30.84		4.00		25.03
0.07		0.08		3.00		29.53		5.00		24.49
0.07		0.09		3.00		28.75		5.00		23.38
0.07		0.10		4.00		28.84		5.00		23.15
0.07		0.11		4.00		28.67		6.00		22.93
0.07		0.12		4.00		28.73		6.00		21.75
0.07		0.13		5.00		27.29		8.00		22.73
0.07		0.14		5.00		25.97		8.00		19.13
0.07		0.15		6.00		26.67		6.00		18.52
0.07		0.16		7.00		26.87		7.00		18.86
0.07		0.17		6.00		26.13		10.00		19.43
0.07		0.18		6.00		24.22		10.00		17.03
0.07		0.19		5.00		23.57		5.00		15.99
0.07		0.20		8.00		24.06		8.00		14.98
0.07		0.21		9.00		24.23		10.00		15.24
0.07		0.22		10.00		24.38		9.00		15.43
0.07		0.23		10.00		23.56		10.00		14.35
0.07		0.24		12.00		23.29		12.00		14.04
0.07		0.25		13.00		22.67		13.00		13.30
0.07		0.26		13.00		21.63		15.00		12.15
0.07		0.27		15.00		22.08		15.00		12.70
0.07		0.28		15.00		21.50		15.00		11.74
0.07		0.29		15.00		20.90		15.00		10.82
0.07		0.30		17.00		20.48		17.00		10.53
0.07		0.31		15.00		19.90		15.00		9.28
0.07		0.32		15.00		19.49		15.00		8.65
0.07		0.33		17.00		19.00		17.00		7.96
0.07		0.34		15.00		18.53		15.00		7.06
0.07		0.35		17.00		18.49		17.00		7.01
0.07		0.36		17.00		17.95		17.00		6.03
0.07		0.37		15.00		17.39		17.00		4.92
0.07		0.38		17.00		17.49		17.00		5.07
0.07		0.39		19.00		17.52		19.00		5.24
0.07		0.40		19.00		17.37		19.00		4.88
0.07		0.41		21.00		17.07		21.00		4.57
0.07		0.42		21.00		17.17		21.00		4.63
0.07		0.43		21.00		16.91		21.00		4.06
0.07		0.44		9.00		16.46		22.00		3.03
0.07		0.45		9.00		16.55		25.00		3.22
0.07		0.46		9.00		16.50		31.00		3.11
0.07		0.47		23.00		16.44		23.00		3.10
0.07		0.48		23.00		16.66		23.00		3.41
0.07		0.49		9.00		16.29		31.00		2.68
0.07		0.50		25.00		16.36		25.00		3.06
0.07		0.51		24.00		16.26		31.00		2.81
0.07		0.52		27.00		16.59		27.00		3.54
0.07		0.53		26.00		16.29		31.00		3.42
0.07		0.54		0.00		16.25		31.00		3.11
0.07		0.55		0.00		16.25		35.00		3.42
0.07		0.56		27.00		16.30		35.00		3.88
0.07		0.57		25.00		16.40		35.00		3.47
0.07		0.58		31.00		16.60		36.00		3.91
0.07		0.59		0.00		16.24		36.00		4.62
0.07		0.60		30.00		16.31		36.00		4.28
0.07		0.61		0.00		16.24		35.00		3.51
0.07		0.62		35.00		16.32		35.00		4.05
0.07		0.63		37.00		16.33		37.00		4.43
0.07		0.64		34.00		16.38		37.00		4.09
0.07		0.65		34.00		16.81		34.00		4.16
0.07		0.66		34.00		16.47		36.00		3.81
0.07		0.67		34.00		16.26		40.00		3.71
0.07		0.68		34.00		16.27		40.00		3.75
0.07		0.69		34.00		16.65		34.00		3.55
0.07		0.70		35.00		16.74		35.00		3.87
0.07		0.71		35.00		16.98		36.00		4.32
0.07		0.72		35.00		16.79		36.00		3.95
0.07		0.73		37.00		16.82		37.00		4.16
0.07		0.74		37.00		16.80		37.00		4.05
0.07		0.75		36.00		16.76		39.00		3.98
0.07		0.76		36.00		16.83		36.00		3.88
0.07		0.77		36.00		16.79		36.00		3.79
0.07		0.78		36.00		16.57		39.00		3.41
0.07		0.79		39.00		16.77		39.00		4.17
0.07		0.80		39.00		16.75		39.00		4.08
0.07		0.81		38.00		16.78		39.00		3.93
0.07		0.82		38.00		16.78		39.00		3.99
0.07		0.83		38.00		16.57		39.00		3.45
0.07		0.84		39.00		16.39		39.00		3.25
0.07		0.85		37.00		16.29		39.00		2.88
0.07		0.86		37.00		16.45		42.00		2.91
0.07		0.87		37.00		16.47		43.00		3.02
0.07		0.88		36.00		16.29		43.00		2.93
0.07		0.89		36.00		16.36		43.00		2.68
0.07		0.90		36.00		16.42		43.00		2.81
0.07		0.91		36.00		16.37		43.00		2.66
0.07		0.92		34.00		16.32		43.00		2.68
0.07		0.93		31.00		16.23		39.00		2.40
0.07		0.94		39.00		16.28		39.00		2.61
0.07		0.95		39.00		16.31		39.00		2.64
0.07		0.96		39.00		16.54		39.00		3.08
0.07		0.97		39.00		16.33		39.00		2.61
0.07		0.98		39.00		16.55		39.00		3.04
0.07		0.99		39.00		16.53		39.00		2.97
0.08		0.00		0.00		0.00		0.00		0.00
0.08		0.01		0.00		12.89		0.00		9.46
0.08		0.02		0.00		19.09		0.00		15.03
0.08		0.03		0.00		25.94		0.00		20.43
0.08		0.04		0.00		28.83		2.00		22.21
0.08		0.05		2.00		29.07		2.00		24.42
0.08		0.06		2.00		30.25		3.00		24.61
0.08		0.07		2.00		31.56		3.00		25.60
0.08		0.08		3.00		30.53		5.00		24.25
0.08		0.09		3.00		29.24		5.00		22.48
0.08		0.10		4.00		29.57		5.00		23.44
0.08		0.11		5.00		29.51		5.00		23.42
0.08		0.12		5.00		29.98		5.00		22.68
0.08		0.13		5.00		28.42		8.00		23.24
0.08		0.14		5.00		27.28		8.00		19.32
0.08		0.15		6.00		27.76		8.00		20.37
0.08		0.16		8.00		27.86		8.00		20.36
0.08		0.17		7.00		26.29		10.00		19.99
0.08		0.18		8.00		24.55		10.00		16.72
0.08		0.19		10.00		24.32		10.00		15.96
0.08		0.20		8.00		24.38		8.00		15.69
0.08		0.21		9.00		24.06		13.00		15.70
0.08		0.22		13.00		25.30		13.00		17.03
0.08		0.23		13.00		25.30		13.00		16.66
0.08		0.24		13.00		23.90		13.00		14.78
0.08		0.25		15.00		22.96		15.00		13.92
0.08		0.26		15.00		22.86		15.00		13.53
0.08		0.27		16.00		22.49		16.00		13.06
0.08		0.28		16.00		21.41		16.00		11.56
0.08		0.29		15.00		21.00		15.00		10.90
0.08		0.30		17.00		20.32		18.00		10.03
0.08		0.31		18.00		20.38		18.00		10.07
0.08		0.32		17.00		19.77		17.00		9.09
0.08		0.33		20.00		19.40		20.00		8.97
0.08		0.34		20.00		18.74		21.00		7.95
0.08		0.35		20.00		18.62		20.00		7.46
0.08		0.36		20.00		18.15		20.00		6.60
0.08		0.37		20.00		17.89		20.00		6.07
0.08		0.38		20.00		17.83		20.00		5.86
0.08		0.39		20.00		17.51		23.00		5.29
0.08		0.40		21.00		17.36		23.00		5.12
0.08		0.41		21.00		17.05		24.00		4.49
0.08		0.42		24.00		16.84		24.00		4.38
0.08		0.43		23.00		16.55		27.00		4.21
0.08		0.44		19.00		16.42		31.00		3.62
0.08		0.45		28.00		16.37		29.00		4.43
0.08		0.46		28.00		16.33		30.00		4.28
0.08		0.47		21.00		16.34		30.00		3.67
0.08		0.48		23.00		16.69		31.00		3.33
0.08		0.49		23.00		16.61		34.00		3.74
0.08		0.50		0.00		16.31		31.00		3.71
0.08		0.51		31.00		16.46		31.00		3.96
0.08		0.52		31.00		16.56		31.00		3.93
0.08		0.53		0.00		16.29		33.00		3.46
0.08		0.54		0.00		16.29		33.00		2.90
0.08		0.55		0.00		16.29		35.00		3.00
0.08		0.56		35.00		16.33		35.00		4.10
0.08		0.57		35.00		16.42		35.00		4.12
0.08		0.58		35.00		16.47		39.00		4.90
0.08		0.59		39.00		16.61		39.00		5.27
0.08		0.60		39.00		17.19		39.00		5.92
0.08		0.61		39.00		16.55		39.00		4.93
0.08		0.62		39.00		16.43		39.00		4.64
0.08		0.63		39.00		16.47		39.00		4.54
0.08		0.64		36.00		16.49		40.00		4.38
0.08		0.65		37.00		16.87		39.00		4.60
0.08		0.66		39.00		17.12		39.00		5.12
0.08		0.67		39.00		16.94		39.00		4.76
0.08		0.68		39.00		16.88		39.00		4.58
0.08		0.69		39.00		16.73		41.00		4.44
0.08		0.70		41.00		16.69		41.00		4.51
0.08		0.71		39.00		16.59		41.00		4.11
0.08		0.72		39.00		17.31		39.00		4.99
0.08		0.73		39.00		17.21		39.00		4.78
0.08		0.74		40.00		17.00		40.00		4.52
0.08		0.75		40.00		17.07		41.00		4.70
0.08		0.76		41.00		16.97		41.00		4.48
0.08		0.77		41.00		16.92		41.00		4.35
0.08		0.78		41.00		16.73		41.00		3.99
0.08		0.79		41.00		16.96		41.00		4.34
0.08		0.80		41.00		16.84		41.00		4.09
0.08		0.81		41.00		16.75		41.00		3.89
0.08		0.82		41.00		16.41		41.00		3.21
0.08		0.83		29.00		16.34		41.00		2.75
0.08		0.84		29.00		16.30		40.00		2.67
0.08		0.85		39.00		16.30		46.00		2.68
0.08		0.86		39.00		16.63		39.00		3.21
0.08		0.87		39.00		16.44		39.00		2.77
0.08		0.88		39.00		16.34		42.00		2.84
0.08		0.89		39.00		16.51		39.00		2.86
0.08		0.90		39.00		16.50		39.00		2.82
0.08		0.91		39.00		16.45		39.00		2.67
0.08		0.92		39.00		16.32		47.00		3.01
0.08		0.93		31.00		16.32		48.00		2.90
0.08		0.94		41.00		16.37		48.00		3.62
0.08		0.95		0.00		16.28		48.00		3.44
0.08		0.96		0.00		16.28		48.00		3.04
0.08		0.97		0.00		16.28		48.00		2.79
0.08		0.98		32.00		16.30		48.00		2.77
0.08		0.99		32.00		16.35		48.00		2.74
0.09		0.00		0.00		0.00		0.00		0.00
0.09		0.01		0.00		13.67		0.00		10.00
0.09		0.02		0.00		19.67		0.00		15.32
0.09		0.03		0.00		26.88		0.00		21.10
0.09		0.04		0.00		29.31		0.00		22.19
0.09		0.05		0.00		29.34		3.00		24.71
0.09		0.06		2.00		30.09		3.00		25.49
0.09		0.07		3.00		32.69		4.00		26.98
0.09		0.08		3.00		31.96		3.00		24.87
0.09		0.09		3.00		29.55		5.00		24.24
0.09		0.10		5.00		30.77		5.00		26.05
0.09		0.11		5.00		32.12		5.00		25.68
0.09		0.12		5.00		32.27		5.00		24.94
0.09		0.13		5.00		28.90		8.00		24.94
0.09		0.14		5.00		26.81		8.00		21.09
0.09		0.15		8.00		28.73		8.00		21.84
0.09		0.16		9.00		29.17		9.00		22.08
0.09		0.17		10.00		28.04		10.00		21.43
0.09		0.18		10.00		25.96		10.00		18.06
0.09		0.19		10.00		24.76		10.00		16.08
0.09		0.20		9.00		24.39		9.00		15.64
0.09		0.21		13.00		24.39		13.00		16.06
0.09		0.22		12.00		24.94		13.00		16.22
0.09		0.23		13.00		24.33		15.00		15.76
0.09		0.24		16.00		24.31		16.00		16.01
0.09		0.25		15.00		24.14		16.00		15.13
0.09		0.26		16.00		23.54		16.00		14.34
0.09		0.27		16.00		22.99		16.00		13.58
0.09		0.28		16.00		22.08		16.00		12.39
0.09		0.29		17.00		21.36		17.00		11.39
0.09		0.30		19.00		20.79		20.00		10.82
0.09		0.31		20.00		20.86		21.00		10.94
0.09		0.32		20.00		20.55		20.00		10.33
0.09		0.33		22.00		20.08		22.00		9.83
0.09		0.34		23.00		19.03		23.00		8.59
0.09		0.35		20.00		19.03		20.00		7.91
0.09		0.36		21.00		18.34		24.00		7.34
0.09		0.37		24.00		17.91		24.00		6.61
0.09		0.38		24.00		17.87		24.00		6.35
0.09		0.39		23.00		17.49		27.00		5.68
0.09		0.40		24.00		17.79		24.00		5.90
0.09		0.41		24.00		17.07		24.00		4.55
0.09		0.42		23.00		16.80		27.00		3.96
0.09		0.43		23.00		16.69		31.00		4.57
0.09		0.44		18.00		16.42		31.00		3.66
0.09		0.45		31.00		16.67		31.00		4.94
0.09		0.46		31.00		16.49		31.00		4.42
0.09		0.47		26.00		16.42		31.00		3.80
0.09		0.48		26.00		16.66		29.00		3.55
0.09		0.49		26.00		16.50		35.00		3.92
0.09		0.50		31.00		16.87		31.00		4.31
0.09		0.51		31.00		16.92		31.00		4.28
0.09		0.52		31.00		16.71		31.00		3.78
0.09		0.53		35.00		16.74		35.00		4.58
0.09		0.54		36.00		16.54		36.00		4.42
0.09		0.55		36.00		16.79		36.00		4.64
0.09		0.56		36.00		17.07		36.00		4.95
0.09		0.57		35.00		16.93		37.00		4.64
0.09		0.58		37.00		16.96		37.00		4.74
0.09		0.59		39.00		16.84		39.00		4.99
0.09		0.60		36.00		16.90		40.00		4.87
0.09		0.61		34.00		16.70		40.00		4.31
0.09		0.62		40.00		16.68		40.00		4.66
0.09		0.63		41.00		16.68		41.00		4.76
0.09		0.64		41.00		17.31		41.00		5.50
0.09		0.65		41.00		17.43		41.00		5.59
0.09		0.66		41.00		17.77		41.00		6.02
0.09		0.67		41.00		17.52		41.00		5.60
0.09		0.68		41.00		17.70		41.00		5.83
0.09		0.69		41.00		17.64		41.00		5.67
0.09		0.70		41.00		17.41		41.00		5.22
0.09		0.71		41.00		17.60		41.00		5.50
0.09		0.72		41.00		17.26		42.00		4.92
0.09		0.73		43.00		17.30		43.00		5.26
0.09		0.74		43.00		17.55		43.00		5.60
0.09		0.75		43.00		17.36		43.00		5.23
0.09		0.76		42.00		17.18		43.00		4.79
0.09		0.77		42.00		17.14		42.00		4.59
0.09		0.78		42.00		17.24		42.00		4.73
0.09		0.79		42.00		17.19		42.00		4.61
0.09		0.80		45.00		16.93		45.00		4.52
0.09		0.81		42.00		16.66		45.00		4.03
0.09		0.82		45.00		16.43		45.00		3.60
0.09		0.83		0.00		16.28		45.00		3.16
0.09		0.84		45.00		16.31		45.00		3.28
0.09		0.85		45.00		16.38		46.00		3.37
0.09		0.86		30.00		16.40		46.00		3.54
0.09		0.87		30.00		16.37		46.00		3.24
0.09		0.88		36.00		16.28		45.00		2.82
0.09		0.89		36.00		16.32		46.00		2.91
0.09		0.90		36.00		16.58		46.00		2.89
0.09		0.91		36.00		16.52		46.00		3.06
0.09		0.92		36.00		16.45		47.00		2.72
0.09		0.93		36.00		16.35		47.00		2.79
0.09		0.94		0.00		16.28		47.00		2.81
0.09		0.95		36.00		16.35		51.00		2.93
0.09		0.96		43.00		16.40		47.00		2.75
0.09		0.97		32.00		16.31		47.00		3.03
0.09		0.98		36.00		16.32		47.00		2.84
0.09		0.99		36.00		16.30		47.00		2.87
0.10		0.00		0.00		0.00		0.00		0.00
0.10		0.01		0.00		14.00		0.00		10.12
0.10		0.02		0.00		19.91		0.00		15.37
0.10		0.03		0.00		27.54		0.00		21.58
0.10		0.04		0.00		29.48		0.00		22.21
0.10		0.05		0.00		28.81		3.00		24.67
0.10		0.06		3.00		30.24		3.00		25.64
0.10		0.07		3.00		33.95		3.00		27.78
0.10		0.08		3.00		32.92		3.00		25.75
0.10		0.09		3.00		30.33		6.00		24.04
0.10		0.10		5.00		31.33		6.00		26.47
0.10		0.11		5.00		32.93		6.00		26.16
0.10		0.12		5.00		33.01		5.00		25.68
0.10		0.13		6.00		29.75		8.00		25.31
0.10		0.14		8.00		28.73		8.00		22.29
0.10		0.15		8.00		29.32		8.00		21.88
0.10		0.16		8.00		29.57		8.00		21.67
0.10		0.17		10.00		28.47		10.00		21.16
0.10		0.18		10.00		26.63		13.00		18.91
0.10		0.19		10.00		24.64		13.00		16.35
0.10		0.20		12.00		25.03		12.00		16.39
0.10		0.21		12.00		25.03		12.00		16.17
0.10		0.22		12.00		24.70		15.00		16.42
0.10		0.23		15.00		24.66		16.00		16.12
0.10		0.24		16.00		24.97		16.00		16.26
0.10		0.25		15.00		24.30		15.00		15.33
0.10		0.26		16.00		23.17		16.00		13.81
0.10		0.27		18.00		23.50		18.00		14.26
0.10		0.28		18.00		22.38		18.00		12.77
0.10		0.29		20.00		22.22		20.00		12.71
0.10		0.30		20.00		22.47		20.00		12.90
0.10		0.31		20.00		21.32		20.00		11.32
0.10		0.32		20.00		20.73		20.00		10.51
0.10		0.33		23.00		20.35		23.00		10.10
0.10		0.34		23.00		19.46		23.00		8.76
0.10		0.35		24.00		18.91		24.00		8.02
0.10		0.36		21.00		18.22		21.00		6.49
0.10		0.37		24.00		18.04		24.00		6.42
0.10		0.38		24.00		17.92		24.00		6.11
0.10		0.39		25.00		17.55		25.00		5.56
0.10		0.40		24.00		17.80		24.00		5.73
0.10		0.41		24.00		17.53		24.00		5.17
0.10		0.42		27.00		17.10		27.00		4.64
0.10		0.43		24.00		16.97		31.00		4.24
0.10		0.44		24.00		16.73		30.00		3.98
0.10		0.45		31.00		16.97		31.00		4.83
0.10		0.46		30.00		16.79		33.00		4.35
0.10		0.47		24.00		16.81		33.00		4.07
0.10		0.48		33.00		17.14		33.00		5.02
0.10		0.49		29.00		16.72		35.00		4.36
0.10		0.50		34.00		16.97		34.00		4.70
0.10		0.51		34.00		16.82		34.00		4.33
0.10		0.52		34.00		16.63		34.00		3.85
0.10		0.53		30.00		16.60		37.00		3.89
0.10		0.54		30.00		16.39		37.00		3.64
0.10		0.55		36.00		16.54		37.00		3.92
0.10		0.56		34.00		16.72		37.00		4.09
0.10		0.57		37.00		16.91		38.00		4.45
0.10		0.58		34.00		16.79		40.00		4.60
0.10		0.59		36.00		16.74		40.00		4.32
0.10		0.60		37.00		16.82		37.00		3.95
0.10		0.61		37.00		16.63		43.00		3.89
0.10		0.62		36.00		16.54		43.00		3.64
0.10		0.63		39.00		17.34		39.00		4.98
0.10		0.64		39.00		17.44		39.00		5.10
0.10		0.65		39.00		17.20		39.00		4.63
0.10		0.66		41.00		17.41		41.00		5.18
0.10		0.67		41.00		17.40		41.00		5.11
0.10		0.68		41.00		17.57		41.00		5.37
0.10		0.69		41.00		17.63		41.00		5.45
0.10		0.70		41.00		17.32		41.00		4.83
0.10		0.71		41.00		17.06		41.00		4.33
0.10		0.72		42.00		16.88		43.00		4.22
0.10		0.73		43.00		16.67		45.00		3.90
0.10		0.74		41.00		16.85		45.00		4.03
0.10		0.75		43.00		16.62		46.00		3.95
0.10		0.76		42.00		16.71		42.00		3.54
0.10		0.77		40.00		16.67		45.00		3.49
0.10		0.78		41.00		16.82		41.00		3.57
0.10		0.79		42.00		16.79		42.00		3.59
0.10		0.80		44.00		16.81		44.00		3.84
0.10		0.81		44.00		16.72		44.00		3.63
0.10		0.82		44.00		16.73		44.00		3.60
0.10		0.83		44.00		16.59		44.00		3.29
0.10		0.84		39.00		16.59		44.00		2.97
0.10		0.85		39.00		16.67		43.00		3.00
0.10		0.86		43.00		16.79		43.00		3.51
0.10		0.87		43.00		17.05		43.00		4.06
0.10		0.88		43.00		16.86		43.00		3.62
0.10		0.89		43.00		16.92		43.00		3.76
0.10		0.90		43.00		16.82		43.00		3.51
0.10		0.91		43.00		16.95		43.00		3.79
0.10		0.92		43.00		17.20		43.00		4.35
0.10		0.93		43.00		17.10		43.00		4.12
0.10		0.94		43.00		17.03		43.00		3.94
0.10		0.95		43.00		16.86		43.00		3.53
0.10		0.96		43.00		17.00		43.00		3.85
0.10		0.97		43.00		16.83		43.00		3.42
0.10		0.98		43.00		16.72		43.00		3.14
0.10		0.99		43.00		16.66		43.00		2.97
0.11		0.00		0.00		0.00		0.00		0.00
0.11		0.01		0.00		13.93		2.00		10.06
0.11		0.02		0.00		19.72		0.00		15.00
0.11		0.03		0.00		27.63		0.00		21.38
0.11		0.04		0.00		30.18		0.00		22.77
0.11		0.05		2.00		29.46		3.00		23.83
0.11		0.06		3.00		30.00		3.00		24.82
0.11		0.07		3.00		33.80		3.00		27.27
0.11		0.08		3.00		32.54		6.00		26.33
0.11		0.09		3.00		30.11		6.00		24.95
0.11		0.10		4.00		32.02		6.00		27.21
0.11		0.11		5.00		33.97		5.00		27.00
0.11		0.12		5.00		32.77		5.00		25.47
0.11		0.13		8.00		29.65		8.00		24.46
0.11		0.14		8.00		29.85		8.00		22.75
0.11		0.15		9.00		29.11		9.00		21.93
0.11		0.16		9.00		29.24		10.00		21.58
0.11		0.17		10.00		28.57		13.00		22.94
0.11		0.18		13.00		26.56		13.00		20.60
0.11		0.19		13.00		25.17		13.00		17.54
0.11		0.20		13.00		25.73		13.00		17.28
0.11		0.21		13.00		25.00		15.00		16.39
0.11		0.22		15.00		26.00		15.00		17.56
0.11		0.23		15.00		24.55		15.00		15.61
0.11		0.24		16.00		25.64		16.00		16.93
0.11		0.25		18.00		23.98		18.00		15.01
0.11		0.26		18.00		22.90		18.00		13.51
0.11		0.27		20.00		23.00		20.00		13.87
0.11		0.28		20.00		22.15		20.00		12.58
0.11		0.29		20.00		21.89		20.00		12.12
0.11		0.30		20.00		21.41		20.00		11.46
0.11		0.31		20.00		20.42		24.00		10.31
0.11		0.32		23.00		20.35		23.00		10.05
0.11		0.33		24.00		20.52		24.00		10.29
0.11		0.34		24.00		19.46		24.00		8.71
0.11		0.35		24.00		19.08		24.00		8.05
0.11		0.36		24.00		17.97		24.00		6.23
0.11		0.37		24.00		17.70		29.00		5.93
0.11		0.38		27.00		17.70		27.00		5.97
0.11		0.39		25.00		17.55		25.00		5.36
0.11		0.40		29.00		17.62		29.00		5.93
0.11		0.41		27.00		17.51		27.00		5.25
0.11		0.42		27.00		16.81		31.00		4.20
0.11		0.43		28.00		16.84		31.00		4.45
0.11		0.44		18.00		16.46		33.00		3.44
0.11		0.45		31.00		16.91		33.00		4.46
0.11		0.46		31.00		17.07		31.00		4.53
0.11		0.47		31.00		17.26		31.00		4.77
0.11		0.48		33.00		17.11		33.00		4.66
0.11		0.49		33.00		17.24		33.00		4.79
0.11		0.50		33.00		17.01		33.00		4.28
0.11		0.51		33.00		16.93		33.00		4.05
0.11		0.52		34.00		16.80		34.00		3.82
0.11		0.53		34.00		16.73		34.00		3.63
0.11		0.54		29.00		16.42		37.00		3.49
0.11		0.55		36.00		16.62		37.00		3.68
0.11		0.56		36.00		16.99		36.00		4.19
0.11		0.57		36.00		16.78		40.00		4.04
0.11		0.58		34.00		16.59		41.00		3.89
0.11		0.59		34.00		16.61		41.00		3.80
0.11		0.60		34.00		16.50		41.00		3.44
0.11		0.61		37.00		16.49		39.00		3.19
0.11		0.62		39.00		16.60		39.00		3.49
0.11		0.63		39.00		17.03		39.00		4.23
0.11		0.64		39.00		17.02		40.00		4.24
0.11		0.65		39.00		17.09		39.00		4.26
0.11		0.66		39.00		16.84		40.00		3.72
0.11		0.67		40.00		16.62		41.00		3.45
0.11		0.68		40.00		17.01		40.00		4.09
0.11		0.69		41.00		16.77		41.00		3.65
0.11		0.70		41.00		16.64		41.00		3.32
0.11		0.71		41.00		16.85		41.00		3.73
0.11		0.72		41.00		16.68		41.00		3.31
0.11		0.73		41.00		16.62		41.00		3.14
0.11		0.74		41.00		16.60		43.00		3.08
0.11		0.75		43.00		16.49		43.00		3.08
0.11		0.76		40.00		16.47		47.00		2.80
0.11		0.77		40.00		16.52		43.00		2.93
0.11		0.78		43.00		16.57		43.00		3.11
0.11		0.79		43.00		16.60		43.00		3.13
0.11		0.80		44.00		16.68		44.00		3.35
0.11		0.81		44.00		16.80		44.00		3.57
0.11		0.82		39.00		16.74		44.00		3.38
0.11		0.83		43.00		16.76		43.00		3.37
0.11		0.84		43.00		16.76		43.00		3.33
0.11		0.85		41.00		16.75		41.00		3.16
0.11		0.86		43.00		16.69		43.00		3.13
0.11		0.87		44.00		16.84		44.00		3.51
0.11		0.88		44.00		16.83		44.00		3.49
0.11		0.89		43.00		16.99		43.00		3.82
0.11		0.90		43.00		16.90		43.00		3.59
0.11		0.91		43.00		16.82		44.00		3.38
0.11		0.92		44.00		16.95		44.00		3.73
0.11		0.93		44.00		16.80		44.00		3.35
0.11		0.94		44.00		16.86		44.00		3.49
0.11		0.95		44.00		16.81		44.00		3.35
0.11		0.96		44.00		16.91		44.00		3.59
0.11		0.97		44.00		16.72		44.00		3.09
0.11		0.98		44.00		16.75		44.00		3.14
0.11		0.99		44.00		16.87		44.00		3.46
0.12		0.00		0.00		0.00		0.00		0.00
0.12		0.01		0.00		15.16		0.00		11.01
0.12		0.02		0.00		20.27		0.00		15.30
0.12		0.03		0.00		28.14		0.00		21.70
0.12		0.04		0.00		30.84		0.00		23.40
0.12		0.05		0.00		29.68		4.00		23.98
0.12		0.06		3.00		29.96		4.00		24.44
0.12		0.07		3.00		33.96		4.00		27.59
0.12		0.08		3.00		32.76		6.00		26.08
0.12		0.09		4.00		30.64		6.00		26.75
0.12		0.10		5.00		32.55		6.00		28.22
0.12		0.11		5.00		34.28		6.00		27.30
0.12		0.12		6.00		32.86		8.00		28.72
0.12		0.13		8.00		33.14		8.00		27.42
0.12		0.14		9.00		32.18		9.00		25.76
0.12		0.15		9.00		31.96		10.00		25.56
0.12		0.16		10.00		30.36		12.00		24.05
0.12		0.17		13.00		29.98		13.00		25.22
0.12		0.18		13.00		28.52		13.00		21.65
0.12		0.19		13.00		26.63		15.00		18.83
0.12		0.20		12.00		25.87		16.00		17.56
0.12		0.21		15.00		25.97		15.00		17.64
0.12		0.22		15.00		25.43		15.00		16.70
0.12		0.23		18.00		24.26		18.00		16.01
0.12		0.24		17.00		24.48		17.00		15.49
0.12		0.25		16.00		22.83		22.00		13.68
0.12		0.26		18.00		21.84		18.00		12.06
0.12		0.27		20.00		22.40		20.00		12.90
0.12		0.28		20.00		21.58		20.00		11.71
0.12		0.29		20.00		21.49		20.00		11.58
0.12		0.30		20.00		21.07		20.00		11.04
0.12		0.31		24.00		20.34		25.00		10.25
0.12		0.32		23.00		20.15		23.00		9.66
0.12		0.33		24.00		20.17		24.00		9.70
0.12		0.34		26.00		19.00		26.00		8.20
0.12		0.35		26.00		18.93		26.00		7.91
0.12		0.36		23.00		17.93		29.00		6.19
0.12		0.37		23.00		17.36		29.00		5.85
0.12		0.38		23.00		17.37		29.00		5.53
0.12		0.39		28.00		17.53		28.00		5.51
0.12		0.40		31.00		17.59		31.00		6.03
0.12		0.41		31.00		16.92		31.00		4.80
0.12		0.42		23.00		16.66		31.00		3.91
0.12		0.43		23.00		16.70		35.00		3.76
0.12		0.44		16.00		16.63		35.00		3.21
0.12		0.45		16.00		16.64		33.00		4.03
0.12		0.46		31.00		17.15		34.00		4.92
0.12		0.47		33.00		17.19		33.00		4.71
0.12		0.48		34.00		17.43		34.00		5.15
0.12		0.49		33.00		17.25		33.00		4.66
0.12		0.50		33.00		17.22		33.00		4.52
0.12		0.51		33.00		17.17		33.00		4.38
0.12		0.52		33.00		17.26		33.00		4.53
0.12		0.53		33.00		16.87		37.00		3.72
0.12		0.54		35.00		16.63		40.00		3.81
0.12		0.55		36.00		16.82		39.00		3.75
0.12		0.56		35.00		16.67		40.00		3.58
0.12		0.57		39.00		16.74		41.00		4.10
0.12		0.58		39.00		16.66		40.00		3.76
0.12		0.59		39.00		16.99		39.00		4.19
0.12		0.60		38.00		16.92		38.00		3.85
0.12		0.61		40.00		16.85		40.00		3.94
0.12		0.62		39.00		16.79		39.00		3.65
0.12		0.63		39.00		17.21		39.00		4.46
0.12		0.64		40.00		17.00		40.00		4.05
0.12		0.65		41.00		16.80		48.00		3.93
0.12		0.66		43.00		16.69		43.00		3.78
0.12		0.67		30.00		16.52		43.00		3.32
0.12		0.68		40.00		16.55		49.00		3.37
0.12		0.69		40.00		16.46		49.00		3.41
0.12		0.70		43.00		16.31		45.00		3.05
0.12		0.71		42.00		16.62		42.00		3.14
0.12		0.72		42.00		16.61		51.00		3.44
0.12		0.73		44.00		16.37		50.00		3.06
0.12		0.74		44.00		16.59		44.00		3.21
0.12		0.75		44.00		16.56		44.00		3.09
0.12		0.76		44.00		16.41		49.00		2.78
0.12		0.77		40.00		16.49		52.00		2.96
0.12		0.78		45.00		16.59		45.00		3.15
0.12		0.79		43.00		16.54		45.00		2.81
0.12		0.80		45.00		16.70		45.00		3.31
0.12		0.81		44.00		16.79		45.00		3.40
0.12		0.82		43.00		16.74		43.00		3.22
0.12		0.83		39.00		16.63		43.00		2.86
0.12		0.84		43.00		16.62		43.00		2.88
0.12		0.85		43.00		16.65		43.00		2.94
0.12		0.86		39.00		16.75		39.00		3.07
0.12		0.87		39.00		16.70		46.00		2.96
0.12		0.88		46.00		16.72		46.00		3.25
0.12		0.89		43.00		16.73		54.00		3.34
0.12		0.90		43.00		16.81		43.00		3.31
0.12		0.91		43.00		16.74		43.00		3.10
0.12		0.92		46.00		16.70		46.00		3.13
0.12		0.93		39.00		16.63		47.00		2.94
0.12		0.94		47.00		16.58		47.00		2.88
0.12		0.95		47.00		16.54		47.00		2.77
0.12		0.96		47.00		16.50		47.00		2.66
0.12		0.97		39.00		16.33		47.00		2.16
0.12		0.98		47.00		16.46		53.00		2.53
0.12		0.99		47.00		16.58		52.00		2.79
0.13		0.00		0.00		0.00		0.00		0.00
0.13		0.01		0.00		16.27		0.00		11.86
0.13		0.02		0.00		20.75		0.00		15.50
0.13		0.03		0.00		28.62		0.00		22.02
0.13		0.04		0.00		31.63		0.00		24.19
0.13		0.05		0.00		30.67		4.00		26.60
0.13		0.06		3.00		31.52		4.00		26.81
0.13		0.07		3.00		34.80		4.00		29.45
0.13		0.08		3.00		33.92		6.00		29.24
0.13		0.09		5.00		32.38		6.00		29.27
0.13		0.10		6.00		33.91		6.00		29.58
0.13		0.11		5.00		35.08		6.00		28.15
0.13		0.12		7.00		33.91		8.00		28.86
0.13		0.13		8.00		34.00		9.00		28.27
0.13		0.14		9.00		33.28		10.00		27.64
0.13		0.15		10.00		33.45		10.00		27.12
0.13		0.16		10.00		31.30		13.00		24.76
0.13		0.17		13.00		32.50		13.00		26.53
0.13		0.18		13.00		28.76		15.00		21.44
0.13		0.19		15.00		26.96		15.00		20.02
0.13		0.20		13.00		27.04		16.00		18.95
0.13		0.21		15.00		27.34		15.00		19.01
0.13		0.22		16.00		26.36		16.00		17.84
0.13		0.23		18.00		25.38		18.00		16.83
0.13		0.24		17.00		25.31		17.00		16.60
0.13		0.25		17.00		23.83		17.00		14.85
0.13		0.26		19.00		22.38		20.00		12.87
0.13		0.27		20.00		23.10		20.00		13.72
0.13		0.28		22.00		21.78		22.00		12.01
0.13		0.29		21.00		21.50		21.00		11.62
0.13		0.30		24.00		21.16		24.00		11.22
0.13		0.31		24.00		20.44		24.00		10.14
0.13		0.32		24.00		20.62		24.00		10.34
0.13		0.33		24.00		19.42		24.00		8.54
0.13		0.34		27.00		18.48		27.00		7.33
0.13		0.35		27.00		18.81		27.00		7.65
0.13		0.36		20.00		18.04		20.00		6.44
0.13		0.37		29.00		17.74		29.00		6.14
0.13		0.38		29.00		17.82		31.00		6.13
0.13		0.39		22.00		17.60		29.00		5.52
0.13		0.40		31.00		17.59		31.00		5.73
0.13		0.41		28.00		17.37		28.00		4.86
0.13		0.42		29.00		17.14		29.00		4.45
0.13		0.43		29.00		17.12		29.00		4.34
0.13		0.44		22.00		16.84		33.00		4.22
0.13		0.45		33.00		17.13		33.00		4.59
0.13		0.46		33.00		17.11		35.00		4.52
0.13		0.47		29.00		17.02		36.00		4.40
0.13		0.48		34.00		16.87		36.00		4.08
0.13		0.49		34.00		17.10		36.00		4.47
0.13		0.50		34.00		17.06		34.00		4.19
0.13		0.51		33.00		17.04		34.00		4.05
0.13		0.52		34.00		17.10		34.00		4.17
0.13		0.53		35.00		16.95		37.00		3.89
0.13		0.54		37.00		17.09		37.00		4.26
0.13		0.55		38.00		17.42		38.00		4.95
0.13		0.56		38.00		17.25		38.00		4.57
0.13		0.57		38.00		17.11		38.00		4.24
0.13		0.58		38.00		17.00		38.00		3.99
0.13		0.59		38.00		17.17		38.00		4.33
0.13		0.60		39.00		17.24		39.00		4.53
0.13		0.61		39.00		17.17		39.00		4.34
0.13		0.62		38.00		16.89		38.00		3.59
0.13		0.63		39.00		16.89		39.00		3.67
0.13		0.64		39.00		16.90		39.00		3.66
0.13		0.65		41.00		16.68		49.00		4.20
0.13		0.66		43.00		16.53		49.00		3.50
0.13		0.67		30.00		16.64		43.00		2.82
0.13		0.68		43.00		16.58		43.00		3.22
0.13		0.69		43.00		16.53		50.00		3.69
0.13		0.70		43.00		16.58		50.00		3.22
0.13		0.71		43.00		16.54		45.00		3.04
0.13		0.72		43.00		16.48		45.00		3.01
0.13		0.73		43.00		16.48		54.00		2.85
0.13		0.74		43.00		16.70		43.00		3.21
0.13		0.75		43.00		16.52		54.00		2.94
0.13		0.76		43.00		16.56		43.00		2.80
0.13		0.77		43.00		16.83		43.00		3.43
0.13		0.78		43.00		16.70		45.00		3.13
0.13		0.79		43.00		16.68		43.00		3.02
0.13		0.80		45.00		16.70		45.00		3.16
0.13		0.81		45.00		16.72		45.00		3.19
0.13		0.82		39.00		16.58		47.00		2.89
0.13		0.83		39.00		16.52		47.00		2.57
0.13		0.84		43.00		16.53		43.00		2.52
0.13		0.85		43.00		16.67		46.00		2.93
0.13		0.86		46.00		16.61		46.00		2.91
0.13		0.87		46.00		16.73		46.00		3.17
0.13		0.88		46.00		16.74		46.00		3.19
0.13		0.89		43.00		16.78		43.00		3.18
0.13		0.90		49.00		16.72		49.00		3.34
0.13		0.91		47.00		16.79		47.00		3.31
0.13		0.92		49.00		16.75		49.00		3.36
0.13		0.93		49.00		16.67		49.00		3.15
0.13		0.94		49.00		16.84		49.00		3.54
0.13		0.95		49.00		16.86		49.00		3.56
0.13		0.96		49.00		16.93		49.00		3.71
0.13		0.97		49.00		16.75		49.00		3.26
0.13		0.98		49.00		16.79		49.00		3.36
0.13		0.99		49.00		16.65		49.00		3.00
0.14		0.00		0.00		0.00		0.00		0.00
0.14		0.01		0.00		16.15		0.00		11.60
0.14		0.02		0.00		20.92		0.00		15.48
0.14		0.03		0.00		28.94		0.00		22.23
0.14		0.04		0.00		31.76		0.00		24.30
0.14		0.05		0.00		30.66		4.00		26.36
0.14		0.06		3.00		33.33		3.00		27.34
0.14		0.07		3.00		35.62		3.00		28.78
0.14		0.08		3.00		33.85		6.00		29.00
0.14		0.09		5.00		31.68		6.00		28.18
0.14		0.10		6.00		34.02		6.00		29.00
0.14		0.11		5.00		33.81		8.00		28.51
0.14		0.12		8.00		34.36		8.00		29.34
0.14		0.13		8.00		33.95		9.00		28.18
0.14		0.14		9.00		34.16		10.00		27.55
0.14		0.15		10.00		34.06		10.00		27.31
0.14		0.16		12.00		31.79		12.00		25.15
0.14		0.17		13.00		33.10		13.00		26.37
0.14		0.18		13.00		28.99		15.00		21.27
0.14		0.19		15.00		27.69		15.00		20.07
0.14		0.20		16.00		28.00		16.00		20.16
0.14		0.21		16.00		27.86		16.00		19.65
0.14		0.22		17.00		26.90		17.00		18.48
0.14		0.23		18.00		25.82		18.00		17.17
0.14		0.24		20.00		25.66		20.00		17.15
0.14		0.25		20.00		23.87		20.00		14.76
0.14		0.26		20.00		22.94		20.00		13.51
0.14		0.27		21.00		23.19		21.00		13.87
0.14		0.28		24.00		22.92		24.00		13.62
0.14		0.29		23.00		21.91		23.00		12.14
0.14		0.30		24.00		22.37		24.00		12.77
0.14		0.31		24.00		21.28		24.00		11.29
0.14		0.32		24.00		20.59		24.00		10.34
0.14		0.33		26.00		19.48		27.00		8.71
0.14		0.34		26.00		18.67		29.00		7.84
0.14		0.35		28.00		18.75		28.00		7.58
0.14		0.36		31.00		18.70		31.00		7.85
0.14		0.37		31.00		18.00		31.00		6.69
0.14		0.38		31.00		18.52		31.00		7.25
0.14		0.39		31.00		17.75		37.00		6.52
0.14		0.40		31.00		17.74		33.00		5.90
0.14		0.41		31.00		17.28		37.00		5.43
0.14		0.42		30.00		17.24		30.00		4.61
0.14		0.43		29.00		17.19		35.00		4.54
0.14		0.44		33.00		17.00		33.00		4.30
0.14		0.45		33.00		17.22		33.00		4.62
0.14		0.46		35.00		17.32		35.00		4.99
0.14		0.47		36.00		17.18		36.00		4.74
0.14		0.48		29.00		17.26		29.00		4.53
0.14		0.49		36.00		17.26		36.00		4.71
0.14		0.50		36.00		17.10		36.00		4.33
0.14		0.51		37.00		17.17		37.00		4.48
0.14		0.52		37.00		17.11		37.00		4.31
0.14		0.53		39.00		17.29		39.00		4.79
0.14		0.54		40.00		17.38		40.00		4.98
0.14		0.55		39.00		17.33		39.00		4.77
0.14		0.56		41.00		17.27		41.00		4.77
0.14		0.57		40.00		17.22		40.00		4.54
0.14		0.58		42.00		17.02		42.00		4.28
0.14		0.59		40.00		17.13		40.00		4.28
0.14		0.60		41.00		17.19		41.00		4.43
0.14		0.61		43.00		17.53		43.00		5.20
0.14		0.62		43.00		17.09		43.00		4.34
0.14		0.63		45.00		16.95		45.00		4.22
0.14		0.64		43.00		17.02		43.00		4.11
0.14		0.65		41.00		16.96		49.00		3.96
0.14		0.66		43.00		17.04		43.00		4.09
0.14		0.67		41.00		17.16		41.00		4.24
0.14		0.68		43.00		17.13		43.00		4.24
0.14		0.69		41.00		16.99		43.00		3.84
0.14		0.70		43.00		17.02		43.00		3.96
0.14		0.71		43.00		16.88		43.00		3.61
0.14		0.72		43.00		16.94		43.00		3.73
0.14		0.73		43.00		16.86		43.00		3.52
0.14		0.74		43.00		17.12		43.00		4.15
0.14		0.75		43.00		16.99		54.00		3.98
0.14		0.76		43.00		16.98		54.00		3.87
0.14		0.77		43.00		17.00		54.00		4.51
0.14		0.78		43.00		16.87		54.00		4.01
0.14		0.79		48.00		16.96		51.00		3.93
0.14		0.80		48.00		17.06		48.00		4.10
0.14		0.81		48.00		17.02		48.00		4.00
0.14		0.82		48.00		16.98		48.00		3.89
0.14		0.83		43.00		16.85		48.00		3.57
0.14		0.84		43.00		16.77		48.00		3.19
0.14		0.85		43.00		16.97		43.00		3.74
0.14		0.86		45.00		16.90		47.00		3.55
0.14		0.87		46.00		17.08		46.00		4.03
0.14		0.88		47.00		17.00		47.00		3.83
0.14		0.89		46.00		16.88		46.00		3.49
0.14		0.90		49.00		16.99		49.00		3.87
0.14		0.91		49.00		17.03		49.00		3.95
0.14		0.92		48.00		17.01		48.00		3.85
0.14		0.93		48.00		17.03		48.00		3.92
0.14		0.94		48.00		16.93		48.00		3.65
0.14		0.95		48.00		17.01		48.00		3.85
0.14		0.96		48.00		16.96		48.00		3.71
0.14		0.97		48.00		16.95		48.00		3.69
0.14		0.98		48.00		16.90		48.00		3.54
0.14		0.99		48.00		17.04		48.00		3.95
0.15		0.00		0.00		0.00		0.00		0.00
0.15		0.01		0.00		15.89		0.00		11.01
0.15		0.02		0.00		20.51		0.00		14.75
0.15		0.03		0.00		28.37		0.00		21.44
0.15		0.04		0.00		31.19		0.00		23.60
0.15		0.05		0.00		30.50		4.00		26.00
0.15		0.06		3.00		32.25		4.00		26.19
0.15		0.07		3.00		34.98		3.00		27.97
0.15		0.08		3.00		33.01		6.00		27.89
0.15		0.09		6.00		31.12		6.00		27.72
0.15		0.10		6.00		33.86		8.00		28.35
0.15		0.11		6.00		33.12		8.00		27.00
0.15		0.12		8.00		33.46		8.00		27.63
0.15		0.13		8.00		33.75		9.00		27.36
